370483129521,0 669555.0
370483129521,434796144051 200.2
370483129521,729255273286 2323.5
370483129521,1 500192.0
255425483679,0 127096.9
255425483679,370483129521 298.0
255425483679,1 202998.29
145775653396,0 923265.0
145775653396,1 76875.0
942657155013,0 818413.2
942657155013,370483129521 2989.0
942657155013,978073475128 3.322
942657155013,1 104775.0
843164809303,0 911793.0
843164809303,255425483679 912.2
843164809303,478759625238 8898.2
843164809303,1 686249.1145
434796144051,0 577557.0
434796144051,978073475128 2.355
434796144051,1 728634.0
729255273286,0 55098.454
729255273286,370483129521 98798.0
729255273286,729255273286 457.2
729255273286,301678221929 3235
729255273286,1 81671.333
478759625238,0 295031.0
478759625238,1 120299.0
589200998275,0 373442.2
589200998275,1 613248.0
301678221929,0 262034.0
301678221929,370483129521 777.2
301678221929,978073475128 2.2
301678221929,1 285753.25
683899550213,0 738070.0
683899550213,1 291300.0
505838160274,0 466452.677
505838160274,370483129521 12.91
505838160274,1 317401.0
978073475128,0 851694.0
978073475128,255425483679 2324.0
978073475128,942657155013 8787
978073475128,478759625238 6.333
978073475128,505838160274 2982
978073475128,1 131449.8
704729452954,0 300106.54
704729452954,434796144051 225.0
704729452954,729255273286 2344.0
704729452954,478759625238 23202.0
704729452954,301678221929 120002
704729452954,1 781704.0