956404977759,0 4670
299984009295,0 136
800272632000,0 8413
935712043325,0 2167
520949076913,0 1130
955074203908,0 4664
962720051601,0 3360
495804521748,0 8657
276154130015,0 218
589307699671,0 7375
989300360276,0 9420
976002501011,0 3644
865530901650,0 2944
640469383989,0 7206
414606047517,0 7470
544589207706,0 6122
808486097053,0 4132
597772159677,0 4739
864532197367,0 2290
488247642902,0 8768
267276346799,0 6902
370169611753,0 9507
450560059766,0 773
394686754033,0 483
859188575323,0 3832
936963512412,0 7311
296362032613,0 5087
925438832023,0 951
385824919909,0 3906
793839427899,0 212
661143282533,0 8877
638328728220,0 6222
115630160527,0 4836
938146679053,0 2801
773867439302,0 2120
402802388962,0 9597
635267449222,0 2476
847127804872,0 3182
879896899608,0 1409
101539806345,0 1042
422784636795,0 4822
779839365444,0 6992
205224050151,0 9226
522065582085,0 9681
175851005920,0 9995
876334375950,0 4490
767059287797,0 5061
438231488181,0 4295
647784191427,0 7317
145190007888,0 3465
829498276639,0 7626
959189321652,0 6503
804246739339,0 3625
197918719246,0 2100
467729898698,0 697
157703318820,0 7327
824475598170,0 3445
229172522941,0 2658
806563771438,0 5287
848712357929,0 5243
516460435035,0 8463
391606392315,0 1998
670414494177,0 5619
845285893077,0 3148
369569061425,0 9540
465299577004,0 148
423197873715,0 2139
945126506503,0 817
813706399376,0 764
677179312694,0 8133
158654121392,0 268
855617484272,0 8558
931322505259,0 4703
137543121181,0 141
121343247441,0 5879
935710180145,0 6896
988546350406,0 3220
769126811091,0 8496
246911912779,0 3777
251532507154,0 7207
364885438223,0 7650
988669031538,0 8549
692203117124,0 5715
295463680507,0 3168
548943331099,0 2678
115409741981,0 3153
463648776491,0 7685
813301836382,0 2186
562465081571,0 8784
849131507417,0 9455
847086042064,0 697
386038929356,0 8498
377648673968,0 8974
171527192353,0 1052
749382414462,0 9882
389502418026,0 3217
971159164767,0 7455
757005338268,0 7993
757790486527,0 8093
644070484989,0 1626
971159164767,865530901650 5544
295463680507,824475598170 6674
938146679053,931322505259 9624
767059287797,370169611753 6738
855617484272,793839427899 408
389502418026,157703318820 9945
137543121181,767059287797 3295
989300360276,295463680507 6881
422784636795,800272632000 3797
276154130015,438231488181 2053
544589207706,635267449222 8212
394686754033,386038929356 3890
824475598170,115409741981 2120
157703318820,495804521748 7628
467729898698,925438832023 2286
299984009295,296362032613 3229
495804521748,205224050151 8155
145190007888,463648776491 4586
988669031538,115409741981 2014
267276346799,647784191427 5341
640469383989,121343247441 5574
935712043325,175851005920 4807
813301836382,647784191427 6181
562465081571,246911912779 3254
516460435035,562465081571 5796
251532507154,299984009295 9662
989300360276,931322505259 5548
276154130015,389502418026 2057
548943331099,757005338268 8055
364885438223,520949076913 4410
845285893077,824475598170 2641
385824919909,597772159677 1825
157703318820,438231488181 3725
813706399376,925438832023 6643
137543121181,296362032613 4139
945126506503,767059287797 676
463648776491,661143282533 2868
988546350406,692203117124 7986
251532507154,813301836382 7757
229172522941,450560059766 8852
829498276639,488247642902 815
847086042064,661143282533 2084
879896899608,175851005920 8778
495804521748,370169611753 3323
276154130015,158654121392 4771
276154130015,488247642902 2945
879896899608,813706399376 9684
157703318820,394686754033 8451
876334375950,450560059766 9022
848712357929,137543121181 5332
267276346799,988546350406 573
299984009295,377648673968 6036
988546350406,971159164767 6576
115409741981,157703318820 828
377648673968,438231488181 6882
808486097053,589307699671 2263
938146679053,115409741981 7898
589307699671,385824919909 2437
640469383989,757790486527 3433
465299577004,267276346799 3046
849131507417,813301836382 5962
137543121181,971159164767 7361
692203117124,670414494177 2969
597772159677,391606392315 8155
935712043325,369569061425 8103
855617484272,661143282533 1426
394686754033,935712043325 3653
988546350406,692203117124 1913
847127804872,692203117124 6226
394686754033,385824919909 9072
829498276639,158654121392 3364
450560059766,956404977759 330
804246739339,197918719246 5090
267276346799,847127804872 2373
661143282533,158654121392 6690
925438832023,829498276639 7719
467729898698,847086042064 4712
377648673968,121343247441 3155
385824919909,171527192353 691
808486097053,971159164767 1529
276154130015,677179312694 4330
938146679053,370169611753 6448
377648673968,423197873715 248
246911912779,229172522941 8606
121343247441,955074203908 2421
757790486527,670414494177 7803
158654121392,855617484272 7762
229172522941,865530901650 830
647784191427,848712357929 8041
229172522941,544589207706 5749
773867439302,757790486527 3756
389502418026,931322505259 9800
544589207706,377648673968 7942
769126811091,391606392315 4125
548943331099,422784636795 1316
976002501011,121343247441 5426
876334375950,647784191427 6073
855617484272,849131507417 9785
488247642902,635267449222 9230
495804521748,829498276639 4976
956404977759,1 5027
299984009295,1 10394
800272632000,1 8547
935712043325,1 15201
520949076913,1 1943
955074203908,1 5379
962720051601,1 4260
495804521748,1 25662
276154130015,1 17347
589307699671,1 9997
989300360276,1 22006
976002501011,1 9967
865530901650,1 3140
640469383989,1 16526
414606047517,1 7701
544589207706,1 22433
808486097053,1 8768
597772159677,1 13313
864532197367,1 3028
488247642902,1 18711
267276346799,1 15962
370169611753,1 9743
450560059766,1 1389
394686754033,1 17493
859188575323,1 4669
936963512412,1 7964
296362032613,1 5365
925438832023,1 9211
385824919909,1 6815
793839427899,1 568
661143282533,1 16257
638328728220,1 7002
115630160527,1 5050
938146679053,1 27497
773867439302,1 5998
402802388962,1 10017
635267449222,1 3364
847127804872,1 10140
879896899608,1 20472
101539806345,1 1657
422784636795,1 9075
779839365444,1 7456
205224050151,1 9622
522065582085,1 9802
175851005920,1 10565
876334375950,1 20279
767059287797,1 12094
438231488181,1 4469
647784191427,1 15575
145190007888,1 8665
829498276639,1 12387
959189321652,1 6817
804246739339,1 9218
197918719246,1 2600
467729898698,1 8321
157703318820,1 27779
824475598170,1 6468
229172522941,1 18738
806563771438,1 6242
848712357929,1 11251
516460435035,1 14646
391606392315,1 2369
670414494177,1 6058
845285893077,1 6185
369569061425,1 9860
465299577004,1 3698
423197873715,1 2999
945126506503,1 2321
813706399376,1 7579
677179312694,1 8686
158654121392,1 8378
855617484272,1 20818
931322505259,1 5432
137543121181,1 15805
121343247441,1 8566
935710180145,1 7710
988546350406,1 20258
769126811091,1 12756
246911912779,1 13009
251532507154,1 25594
364885438223,1 12626
988669031538,1 11298
692203117124,1 8962
295463680507,1 10574
548943331099,1 12548
115409741981,1 4143
463648776491,1 11525
813301836382,1 8601
562465081571,1 12171
849131507417,1 16020
847086042064,1 3150
386038929356,1 9431
377648673968,1 19958
171527192353,1 1496
749382414462,1 10551
389502418026,1 23728
971159164767,1 13821
757005338268,1 8251
757790486527,1 16341
644070484989,1 2108
